d 21 22 15
putBox 0 20 0 21 0 14 1.0 1.0 0.0 1.0
cutBox 0 0 0 7 0 14 1.0 1.0 0.0 1.0
cutBox 1 1 0 5 0 14 1.0 1.0 0.0 1.0
cutBox 2 2 0 3 0 14 1.0 1.0 0.0 1.0
cutBox 3 3 0 2 0 14 1.0 1.0 0.0 1.0
cutBox 4 4 0 1 0 14 1.0 1.0 0.0 1.0
cutBox 5 5 0 1 0 14 1.0 1.0 0.0 1.0
cutBox 6 7 0 0 0 14 1.0 1.0 0.0 1.0
cutBox 14 15 0 0 0 14 1.0 1.0 0.0 1.0
cutBox 16 20 0 1 0 14 1.0 1.0 0.0 1.0
cutBox 18 20 0 2 0 14 1.0 1.0 0.0 1.0
cutBox 19 20 0 3 0 14 1.0 1.0 0.0 1.0
cutBox 12 20 9 9 0 14 1.0 1.0 0.0 1.0
cutBox 13 20 8 8 0 14 1.0 1.0 0.0 1.0
cutBox 15 20 7 7 0 14 1.0 1.0 0.0 1.0
cutBox 17 20 6 6 0 14 1.0 1.0 0.0 1.0 
cutBox 19 20 5 5 0 14 1.0 1.0 0.0 1.0
cutBox 14 20 10 10 0 14 1.0 1.0 0.0 1.0
cutBox 16 20 11 11 0 14 1.0 1.0 0.0 1.0
cutBox 18 20 12 12 0 14 1.0 1.0 0.0 1.0
cutBox 20 20 13 13 0 14 1.0 1.0 0.0 1.0
cutBox 20 20 4 4 0 14 1.0 1.0 0.0 1.0
cutBox 0 0 14 21 0 14 1.0 1.0 0.0 1.0
cutBox 1 1 16 21 0 14 1.0 1.0 0.0 1.0
cutBox 2 2 18 21 0 14 1.0 1.0 0.0 1.0
cutBox 3 3 19 21 0 14 1.0 1.0 0.0 1.0
cutBox 4 5 20 21 0 14 1.0 1.0 0.0 1.0
cutBox 6 7 21 21 0 14 1.0 1.0 0.0 1.0
cutBox 14 15 21 21 0 14 1.0 1.0 0.0 1.0 
cutBox 16 17 20 21 0 14 1.0 1.0 0.0 1.0
cutBox 18 18 19 21 0 14 1.0 1.0 0.0 1.0
cutBox 19 19 18 21 0 14 1.0 1.0 0.0 1.0
cutBox 20 20 16 21 0 14 1.0 1.0 0.0 1.0 
putBox 12 13 14 15 14 14 0.0 0.0 0.0 1.0
putBox 12 13 14 15 14 14 0.0 0.0 0.0 1.0